00000001011000110000001010000011
00000001101000110001001010000011
00000010000100110010001010000011
00000010011000110100001010000011
00000011010000110101001010000011
00000000010100110000011100100011
00000000010100110001100110100011
00000000010100110010100000100011
00000000011100110001001010110011
00000000101100110001001010010011
00000000011100110101001010110011
00000001000100110101001010010011
01000000011100110101001010110011
01000000110100110101001010010011
00000000011100110000001010110011
00000000110000110000001010010011
01000000011100110000001010110011
00000000010100110111001010110111
00000000000100100001000010010111
00000000100100110100001010110011
00000001010000110100001010010011
00000000100000110110001010110011
00000001100000110110001010010011
00000000011100110111001010110011
00000010010000110111001010010011
00000000011000101010010000110011
00000001101000101010010010010011
00000000011100101011010100110011
00000001110100111011010110010011
00000010011000101000000001100011
00000000011000101001111001100011
00000000011000101100110001100011
00000000011000101101101001100011
00000000011000101110100001100011
00000000011000101111011001100011
00000000100000000000000011101111
00000110001100101000000011100111
