00000010011100010000000000001010
00000000000000000000000000001010
00000000000000000000000000001111
00000000000000000000000000001010
11111101100011110000000000001010
00000010011100010000000000000001
00000010011100010000000000000000
00000000000000000001010000000000
00000000000000000000000000000101
00000000000000000000000000000001
00000100111000100000000000000001
00000100111000100001010000000001
00000000000000000000000000000000
00000000000000000001010000000101
11111011000111100001010000000100
00000000000000000000000000000000
00000010011100010000000001001000
00000000000000000000000000000000
00000000000000000000000000000000
00000000000000000000000000000000
00000000000000000000000000000000
00000000000000000000000000000000
00000000000000000000000000000000
00000000000000000000000000000000
00000000000000000000000000000000
00000000000000000000000000000000
00000000000000000000000000000000
00000000000000000000000000000000
00000000000000000000000000000000
00000000000000000000000000000000
00000000000000000000000000000000
00000000000000000000000000000000
